0010001
0010002
0010003
0010004
0010006
0010007
0010008
001000801
0010009
001001
0010011
001001101
0010012
0010014
0010015
0010016
0010017
001001701
0010019
001002
001002001
001002002
001002003
0010021
0010022
0010023
0010024
0010025
0010026
0010027
0010028
0010029
001003
0010031
001003101
001003102
0010032
0010034
0010035
0010036
001003601
0010037
0010038
0010039
0010041
0010042
0010043
001004401
001004402
001004403
0010045
0010046
0010047
001004701
0010048
001004802
0010049
001005
0010051
0010052
001005201
001005202
001005203
001005204
0010075
001007501
001007502
0010076
0010077
0010078
001007801
001007802
0010079
001008
0010081
0010083
0010084
001008401
001008501
0010086
0010087
0010088
0010089
0010091
0010092
0010093
0010094
0010095
0010096
0010098
001010
0010101
001010101
0010104
0010105
0010106
0010107
0010108
0010109
001010902
001010903
001010910
00101092
00101093
001011
0010111
0010112
0010113
0010114
0010115
0010116
00101171
00101172
00101173
00101174
001011741
00101175
0010118
0010119
001011902
001011903
001012
0010123
0010125
0010126
0010128
0010129
001012901
0010132
0010133
0010134
0010135
0010136
0010137
0010138
0010139
001014
0010142
002000
0020001
0020002
0020003
0020004
002000401
002000402
0020006
0020007
0020011
0020012
0020013
0020014
0020016
0020017
0020018
002002
0020021
002002101
002002102
0020022
0020024
0020025
0020026
0020027
0020028
0020029
002003
0020031
0020032
0020034
0020035
0020036
002003601
0020037
002003701
002003702
0020039
002003901
002004
0020041
0020042
0020043
0020044
0030001
0030002
0030003
0030004
0030005
0030006
0030007
0030008
003000801
0030009
003001
0030011
0030012
003001201
0030013
0030014
0030015
003001501
003001502
0030016
003001601
0030017
003001702
0030019
003002
0030021
0030022
0030024
0030025
003002501
003002502
003002503
003002505
0030026
0030029
003003
0030031
0030032
0030033
0030034
0030035
0030036
0030037
003003701
0030038
003003801
0030039
0030041
0030042
0030046
0030047
003004701
0030049
0030051
0030052
003005201
003005202
003005203
003005204
003005205
003005206
003005210
003005211
003005230
003005240
003005250
0030053
0030054
0030055
0030056
0030057
0030058
0030059
003006
0030061
0030062
003006201
003006202
003006203
0030063
0030064
0030065
0030066
003006601
0030067
0030068
0040001
0040002
004000201
0040003
0040004
0040005
0040006
0040007
0040008
0040009
004001
0040011
0040012
0040013
0040014
004001501
0040016
0040021
004002101
0040022
0040023
004002304
0040024
0040025
0040026
0040029
0040031
0040032
004003301
00400331
0040034
0040035
004003600
0040037
0040038
0040039
0040041
00400411
0040042
0040043
0040044
0040047
0040048
0040049
004005
0040051
004005101
0040052
0040053
004005302
0040054
0040055
0040056
0050001
0050003
0050004
0050008
005000801
005000802
005000803
0050009
005001001
005001002
005001003
0050012
0050013
00500131
0050014
005001401
005001402
005001403
005001404
005001410
005001411
005001420
0050015
0050016
0050017
0050018
005001801
0050019
005002
0050021
0050022
0050023
0050024
0050025
0050026
0050027
0050028
0050029
005003
0050031
0050032
0050033
0050034
0050036
0050038
0050039
005004
005004101
005004102
0050042
0050043
0050045
005004501
005004502
005004503
0050046
0050049
005004901
005005
0050051
0050052
0050054
0050057
0050062
0050065
0050067
005007
0050071
0050072
0050073
0050075
0050082
005008201
005008203
005008204
005008301
005008302
005008303
005008304
005008305
005008306
005008307
005008308
005008309
0050085
0050095
0060002
0060003
0060004
0060006
0060007
0060008
0060009
006001
0060011
0060012
0060013
0060014
0060015
0060016
0060017
0060018
0060019
006001901
006001902
006001904
006002
0060021
0060023
0060025
0060026
0060027
0060028
0060029
006003
0060031
0060032
0060033
0060035
0060036
0060037
0060038
0060039
006004
0060041
006004101
0060042
006004201
0060043
0060044
0060046
0060047
0060048
0060049
006005
0060051
0060052
0060054
0090001
0090002
0090003
0090005
0090006
009000701
0090009
00900091
009001
0090011
0090012
009001201
009001202
009001203
009001204
009001205
009001206
0090013
009001302
009001303
0090014
0090015
0090017
009001701
0090019
009002
009002001
009002002
009002003
0090021
0090022
009002201
0090023
0090024
0090025
0090026
0090027
0090028
0090031
0090032
0090033
0090034
0090035
0090036
0090038
0090039
009004
0090041
0090042
0090043
0090044
0090045
0090046
0090047
0090048
0090049
009005
0090051
0090052
0090053
0090054
0090055
0090057
0090058
0090059
0090061
0090062
0090063
0090064
0090066
0090067
0090068
0090069
009007
0090071
0090073
0090074
0090076
0090077
0090078
009008
0090081
0090082
009008201
009008202
0090083
0090084
0090085
0090087
0120001
0120002
0120003
0120004
0120005
0120006
0120007
0120008
0120009
0120011
0120012
0120013
0120014
0120015
0120018
0120019
012002
0120021
0120022
0120023
0120024
0120025
0120026
0120027
0120028
012003001
012003002
012003003
012003004
012003005
0120031
0120033
0120034
0120036
0120037
0120039
012004
012005
0140001
0140002
0140003
0140004
0140005
0140006
0140007
0140008
0140009
014000901
0140011
0140012
0140013
0140014
0140015
0160001
0160002
0160003
0160004
0160005
0160006
0160007
0160008
0160009
016001
0160011
0160012
0160013
0160014
0160015
0160016
0160017
0160018
016002
016002001
0160021
016002301
0160024
0160025
0160026
0160027
0160028
016003
0160031
0160032
0160033
016003300
0160035
016003502
0160036
0160037
0160038
016003901
016003902
016003903
016004
0160041
016004101
016004102
0160042
0160044
016004401
0160045
0160046
01600461
01600462
0160047
0160049
016005
0160051
016005101
016005102
0160052
016005201
016005202
016005203
0160053
0160054
016005501
016005502
016005503
016005504
016005505
016005507
016005509
016005510
016005511
016005512
016005513
016005515
016005516
0160056
0160057
0160058
0160059
016005901
016006000
0160061
0160062
0220001
0220002
0220003
022000301
0220004
0220005
022000501
0220006
0220007
0220009
022001
0220012
0220013
0220014
0220015
0220016
0220017
022001702
022001703
022001704
0230001
0230002
0230003
0230005
0230006
023000602
02300061
0230008
0230009
023001
02300101
02300102
02300103
0230011
0230012
0230013
023001301
023001302
023001303
023001304
023001305
023001401
023001402
023001403
023001404
023001405
023001501
023001502
0230016
023001701
0230018
0230019
0230021
0230022
023002201
0230023
023002301
0230024
023002501
023002502
023002503
023002504
023002506
02300251
0230026
023002601
023002602
023002603
023002604
0230028
0230029
023002901
0230031
0230032
023003201
023003203
023003204
0230033
0230034
0230035
0230036
0230037
0230039
023003901
023003902
023003903
023003905
023003906
023003907
023003908
023003909
023003910
023003911
023003912
0230041
0230042
0230043
0230044
0230045
0230046
023005
0230051
0230052
0230053
0230054
023005402
023005403
0230055
023005501
023005503
0230056
0230057
023006
0230061
023006101
0230062
0230063
023006308
0230064
0230067
0230068
0230069
023007
0230071
0230072
0230073
0230074
023007401
0230075
0230077
0230078
0230079
023008
0230082
023008201
0230083
0230084
0230085
0230086
023008601
023008602
023008603
023008604
023009
0230091
0230093
0230094
0280001
028000101
0280002
028000201
028000202
0280003
028000301
028000302
028000303
0280004
0280006
0280009
028001
0280012
0280015
028001501
0280016
0280017
0280018
0280019
028001901
028001902
028001903
028001904
028001905
028001906
028001907
028002
0280021
0280022
0280023
028002301
028002302
02800231
02800232
0280024
028002401
028002402
028002403
028002404
0280025
0280026
028002601
028002701
02800281
02800282
0280031
0280032
0280033
0280034
0280035
0280036
0280037
028003701
028004
0280041
0280044
0280045
0280046
0280047
0280048
0280049
028005
02800503
0280051
028005101
028005102
028005103
028005105
0280053
0280054
0280056
0280057
0380001
038000101
038000102
038000103
0380002
038000301
038000302
0380005
0380007
0380008
038000801
0380009
0380011
0380012
0380013
0380014
0380016
0380017
0380018
038002
0380021
0380022
0380023
038002301
0380025
0380026
0380027
0380028
038002801
0380029
038003
0380031
0380032
0380034
0380035
038003501
0380037
0380038
038004
0380041
038004101
0380042
0380043
0380044
0380045
0380046
0380047
0380049
038004901
038004902
038004903
048000101
048000102
048000104
048000105
048000106
048000107
048000108
048000109
048000110
048000111
048000112
048000113
048000114
048000115
048000116
048000117
048000118
048000119
048000120
0480002
0480003
0480004
0480005
0480007
0480008
0480009
048001
0480011
0480012
048001201
048001202
048001220
0480013
0480014
0480015
0480016
0480017
0480018
048001801
0480019
048002
0480021
0480022
0480023
0480024
0480025
0480026
0480027
0480028
0480029
048003101
048003102
048003103
048003104
048003105
0480032
048003601
0530001
0530002
0530004
0530005
0530006
0530007
0530008
0530009
053001001
0530011
0530013
0530014
0530015
0530016
0530017
0530018
0530019
053002
0530021
053002101
0530022
0530023
0530024
0530025
0530026
0530027
0530028
0530031
0530033
0530034
0530035
0530036
053003601
0530037
053003701
053003702
053003704
0530038
0530039
053004
0530041
0530042
0530043
0530044
0530045
0530046
053004601
053004602
053004605
0530047
0530048
053005
1000001
1000003
1000004
100000401
1000005
1000008
100001
1000011
100001101
100001102
1000013
1000014
1000016
1000019
100002001
1000022
1000024
1000025
1000026
1000027
100002902
100002931
100002932
100002933
100002934
100003
1000031
100003101
1000032
1000033
1000035
1000036
100003601
100003602
1000037
1000038
100003801
100003802
1000041
1000042
1000044
1000045
1000046
100004601
1000047
1000048
100005
100005001
1000051
1000052
1000053
1000054
1000055
100005501
1000056
1000057
100006
1000061
100006102
1000062
100006201
1000063
1000064
1000065
1000067
1000069
100007
1000071
210001
210002
210003
210004
210005
2100051
210006
210007
210008
210009
210010
210011
210012
210013
210014
210015
210016
210017
210018
210019
210020
210021
210022
210023
210024
210025
210026
210027
210028
210029
210030
210031
210032
210033
210034
210035
210036
210037
210038
210039
210040
210041
210042
210043
210044
221001
221002
221003
221004
221005
2210051
221006
221007
221008
221009
221010
221011
250000
250010
250011
250020
301001
301002
301003
301004
301005
301006
301007
301008
301009
301010
302001
302002
302003
302004
302005
302006
302007
302008
302009
302010
302011
302012
302013
302014
302015
302016
302017
302018
302019
302020
303001
303002
303003
303004
303005
303006
303007
303008
304001
304002
304003
304004
304005
304006
304007
304008
304009
304010
304011
304012
304013
304014
304015
304016
304017
304018
304019
304020
304021
304022
304023
304024
304025
304026
304027
304028
304029
304030
304031
304032
304033
304034
304035
304036
304037
304038
304039
304040
304041
304047
304048
304049
304050
304051
304052
304053
304054
304055
304056
304057
304058
305003
305004
305005
305006
305007
305008
305009
305010
305011
305012
305013
305014
305015
305016
305017
305018
305019
305020
305021
305022
305023
305024
305025
305026
305027
305028
305029
305030
305031
305032
305033
305034
305035
305036
305037
305038
305039
305040
305041
305042
305043
305044
305045
305046
305047
305048
305049
305050
305051
305052
305053
305054
305055
305056
305057
305058
305059
305060
305061
305062
305063
305064
305065
305066
305067
305068
305069
305070
305071
305072
305073
305074
305075
305076
305077
305078
305079
305080
305081
305082
305083
305084
305085
305086
305087
305088
305089
305090
305091
305092
305093
305094
305095
305096
305097
305098
305099
305100
305101
305102
306006
306007
306008
306009
306010
306011
306012
306013
306014
306015
306016
306017
306018
306019
306020
306021
306022
306023
306024
306025
306026
306027
306028
306029
306030
306031
306032
306033
306034
306035
306036
306037
306038
306039
306040
306041
306042
306043
306044
306045
306056
306057
306058
306059
306060
306061
306062
306063
306064
306065
306066
306067
306068
306069
306070
306073
306074
306076
306078
306079
306080
306081
307001
307002
307003
307004
307005
307006
307007
307008
307009
307010
307011
307012
307013
307014
307015
307016
307017
307018
307019
307020
307021
307022
307023
307024
307025
307026
307027
307028
307029
307030
307031
307032
307033
307034
308001
308002
308003
308004
308005
308006
308007
308008
308009
308010
308011
308012
308013
308014
308015
309001
309003
309004
309005
309007
309008
309009
309010
309011
309012
309013
309014
310001
310002
310004
310005
310006
310007
310008
311001
311002
311003
311004
311005
311006
311007
311008
311009
311010
312001
312002
312003
312004
312005
312006
312007
312008
312009
312010
312011
312012
312014
312015
312016
312017
312018
312019
312020
312021
312022
312023
312024
312025
312026
312027
312028
312029
312030
312031
312032
312033
312035
312036
312037
312038
312039
312040
313005
313006
313007
313008
313009
313010
314001
314002
314003
314004
314005
314006
314007
314008
314009
314010
314011
314012
314013
314014
314015
314016
314017
314018
314019
314020
314021
314022
314023
314024
314025
314026
314027
314028
314029
314030
314031
314033
314034
314035
314036
314037
314039
314040
314041
314042
314043
314044
314045
314046
314047
314048
314049
314050
314051
314052
315001
315002
315003
315004
315301
315302
315304
315305
316001
316002
316003
316004
316005
316006
316007
316008
316009
316010
316011
316012
316014
316015
316016
316017
316018
316019
316020
316021
316022
316023
316024
316025
316026
316027
316028
316029
316030
316031
316032
316033
316034
316035
316036
316037
316038
316039
316040
316041
316042
316043
316044
316045
316046
316047
316048
316049
316050
316051
316052
316053
316054
316055
316056
316057
316058
316059
316060
316061
316062
316063
316064
316065
316066
316067
316068
316069
316070
316071
316072
316073
316074
316075
316076
316077
316078
316079
316080
316081
316082
316083
316084
316085
316086
316087
316088
316089
316090
316091
316301
316302
316304
316305
316306
316307
317001
317002
317003
317004
317005
317006
317007
317008
317009
317010
317011
317012
317013
317014
317015
317016
317017
317018
317019
317020
317021
317022
317023
317024
317025
317026
317027
317028
317029
317030
317031
317032
317033
317034
317035
317036
317037
317038
317039
317040
317041
317042
317043
317044
317045
317046
317047
317048
318001
318002
318003
318004
318005
318006
318007
318008
318009
318010
318011
318012
318013
318014
318015
318016
318017
318018
318019
318020
318021
318022
318023
318024
318025
319101
319102
319103
319104
319105
319106
319107
319108
319109
319110
320101
320102
320103
320104
320105
320106
320107
320108
320109
320110
320201
320202
320203
320204
320205
320206
320207
320208
320209
320210
320301
320302
320303
320304
320305
320306
320307
320308
320309
320310
320401
320402
320403
320404
320405
320406
320407
320408
320409
320410
320501
320502
320503
320504
320505
320506
320507
320508
320509
320510
321000
321001
321002
321003
321004
321005
321006
321007
321008
321010
321011
321012
321013
321015
321016
321017
321018
321019
321020
321022
321023
321024
321025
321027
321028
321029
321030
321031
321033
321034
321035
321036
321037
321040
321041
321042
321043
321044
321045
321046
321047
321048
321049
321051
321052
321053
321054
321055
321056
321057
321058
321059
321060
321061
321062
321063
321064
321065
321066
321067
321068
321069
321070
321071
321072
321073
321074
321075
321076
321077
321078
321079
322001
322002
322003
322004
322005
322006
322007
322008
322009
322010
322011
322012
322013
322014
322015
322016
322017
322018
323001
323101
323102
323103
323104
323105
323106
323107
323201
323202
323203
323204
323205
323206
323301
323302
323303
323304
323305
323306
323307
324001
324002
324003
324004
324005
324006
324007
324008
324009
324010
324011
324012
324014
324015
324016
324017
324018
324019
324020
324021
324022
324023
324024
324025
324026
324027
324028
324029
324030
324031
324032
324033
324034
324035
324036
324037
324038
324039
324040
324041
324042
324043
324044
324045
324046
324047
324048
324049
324050
324051
324052
324053
324054
324055
324056
324057
324058
324059
324060
324061
324062
324063
324064
324065
324066
324067
324068
324069
324070
324071
324072
324073
324074
324075
324076
324077
324078
324079
324080
324081
324082
324083
324084
324085
324086
324087
324088
324089
324090
324091
324092
324093
324094
324095
324096
324097
324098
324099
324100
324101
324102
324103
324104
324105
324106
324107
324108
324109
324110
324111
324112
324113
324114
324115
325009
325010
325011
325012
325013
325014
325015
325016
325017
325018
325019
325020
325021
325022
325023
325024
325071
325072
325073
325074
325081
325082
325083
325084
325091
325092
325093
325094
325101
325102
325103
325104
325111
325112
325113
325114
325121
325122
325123
325124
325131
325132
325133
325134
326001
326002
326003
326004
326005
326006
326007
326008
326009
326010
326011
326012
326013
326014
326015
326016
326017
326018
326019
326020
326021
326022
326023
326024
326025
326026
326027
326028
326029
326030
326031
326032
326033
326034
326035
326036
326037
326038
326039
326040
327001
327002
327003
327004
327005
327006
327007
327008
327009
327010
327011
327012
327014
327015
327016
327017
327018
327019
327020
327021
327022
327023
327024
327025
328001
328002
328003
328004
328005
328006
328007
328008
328009
329001
329002
329003
329004
329005
329006
329007
329008
329009
329010
329011
329012
329013
329014
329015
329016
329017
329018
329019
329020
329021
329022
329023
329024
330001
330002
330003
330004
330005
330006
330007
330008
330009
330010
330011
330012
330013
330014
330016
330017
330018
330019
330020
330021
330022
330023
330024
331001
331002
331003
331004
33100401
331005
33100501
331006
331007
331008
331009
33100901
331010
33101001
331011
331012
331013
331014
33101401
331015
33101501
331016
331017
331018
331019
33101901
331020
33102001
331021
331022
331023
331024
33102401
331025
33102501
332001
332002
332003
332004
335011
335012
335021
335022
335031
335032
335041
335042
335051
335052
335101
335102
335111
335112
335121
335122
335141
335142
335151
335152
335161
335162
335171
335172
335181
335182
336024A1
336024A2
336024A3
336024A4
336053B1
336053B2
336053B3
336053B4
336092C1
336092C2
336092C3
336092C4
336092C5
336130D1
336130D2
336130D3
336130D4
336130D5
337101
3371021
3371022
3371023
3371024
3371061
3371062
3371063
3371064
3371071
3371072
3371073
3371074
3371091
3371092
3371093
3371094
3371101
3371102
3371103
3371104
337112
3371161
3371162
3371163
3371164
3371181
3371182
3371183
3371184
3371201
3371202
3371203
3371204
3371211
3371212
3371213
3371214
3371221
3371222
3371223
3371224
3371251
3371252
3371253
3371254
337126
337128
337129
3371311
3371312
3371313
3371314
3371341
3371342
3371343
3371344
3372011
3372012
3372013
3372014
3372021
3372022
3372023
3372024
3372061
3372062
3372063
3372064
337207
3372072
3372073
3372081
3372082
3372083
3372084
3372091
3372092
3372093
3372094
3372101
3372102
3372103
3372104
337214
3372181
3372182
3372183
3372184
337219
3372201
3372202
3372203
3372204
3372231
3372232
3372233
3372234
3372241
3372242
3372243
3372244
337226
3372291
3372292
3372293
3372294
3372311
3372312
3372313
3372314
3372321
3372322
3372323
3372324
3372341
3372342
3372343
3372344
3372351
3372352
3372353
3372354
3373011
3373012
3373013
3373014
337302
3373061
3373062
3373063
3373064
3373071
3373072
3373073
3373074
3373091
3373092
3373093
3373094
3373101
3373102
3373103
3373104
337312
3373161
3373162
3373163
3373164
337320
3373221
3373222
3373223
3373224
337323
337324
337325
337328
337330
337331
3373331
3373332
3373333
3373334
337334
3373371
3373372
3373373
3373374
337338
3374011
3374012
3374013
3374014
337402
3374071
3374072
3374073
3374074
337408
339001
339002
339003
339004
339005
339006
339007
339008
339009
339010
339011
339012
339013
339014
339015
340101
340102
340103
340104
340105
340106
340107
340201
340202
340301
340302
340303
340304
340305
340306
340307
412001
412005
412006
412007
412008
412009
412012
412013
412014
412016
412018
412019
412020
412021
412023
412024
412025
412026
412028
412029
412030
412031
412032
412033
412034
412036
412037
412038
412039
412040
412042
412043
412044
412045
412046
412048
412050
412051
412052
412053
412054
412055
412056
412057
412058
412059
412060
412062
412063
412065
412066
412067
412070
412071
412072
412073
412074
412075
412076
412077
412078
412079
412080
417001
417002
417005
417006
417007
417008
417011
417012
417013
417016
417018
417019
417020
417022
417027
417030
417031
417032
417033
417035
417036
417039
417042
417043
417044
417045
417050
417052
417053
417054
417055
417057
417058
417059
417061
417062
417063
417064
417065
417067
417068
417070
417071
417072
417073
417074
417075
417076
417077
417078
417079
417080
417082
417083
4170831
417085
417088
417089
417090
417091
417092
417093
417094
4170981
417099
417101
417104
417106
417107
417108
417109
417110
417111
417112
417113
417114
417115
417116
417117
417118
417120
417121
417122
417123
417126
417127
417129
417132
417133
417135
417136
417137
417138
417139
417140
417141
417142
417143
417147
417148
417149
417150
417151
417152
417155
417156
417158
417162
417163
417167
417169
417173
417177
417179
417180
417181
417182
417183
4171831
417184
417187
417188
417189
417190
417194
417196
417197
417198
417199
417200
417201
417202
417203
417204
417205
417206
417207
417208
417213
417215
417217
417219
417222
417223
417225
417228
417229
417231
417232
417234
417235
417236
417239
417241
417242
417244
417247
417250
417252
417253
417254
417255
417256
417257
4172571
417258
417259
417261
417262
417264
417266
4172661
4172662
417267
417268
417269
417270
4172711
417272
4172721
417274
417275
417276
417277
417279
417280
417281
417282
417283
417284
417285
417286
417287
417288
417290
417291
417292
417293
417294
417295
417296
417297
417300
4173001
4173002
417301
417302
4173022
417303
417304
417305
417306
417307
417310
417313
417317
417320
417321
417322
417323
417324
417325
417326
417328
417329
417330
417331
417332
417334
417335
417336
417337
417338
417342
417343
417347
417348
417350
417352
417353
417354
417355
417356
417357
417358
417359
417360
417361
417362
417363
417368
417369
417370
417373
4173732
417380
417381
417382
417383
417384
417385
417386
417387
4173871
417390
417392
417394
417397
417400
417405
417408
417409
417410
417411
417412
417413
417414
4174151
417416
4174161
417417
417419
417422
417423
417425
417429
417430
417432
417433
417437
417443
418001
4180011
418002
418003
418005
418012
418013
418015
418016
418017
418019
418020
418021
418022
418023
418024
418025
418026
418027
418028
4180281
418031
418032
418033
418034
418035
418036
418037
418039
418041
418044
418047
4180501
418054
4180541
418055
418056
418057
418059
418064
418065
418067
418070
418072
418082
418084
418085
418089
418091
418092
418094
418095
418100
418103
418105
418108
418109
418110
4181101
418111
418114
418117
418119
418120
418124
418127
418129
418130
418132
418133
418136
418137
418138
418139
418141
418142
418143
418145
418146
418147
418148
418151
418154
418156
418158
418159
418161
418164
418165
4181651
418166
418167
418168
418169
418170
418171
418172
418173
418174
418176
418177
418178
418179
418180
418184
418185
418186
418187
418188
418190
418191
418194
418197
418198
418200
418201
418202
418203
418204
418207
418209
418210
418211
418212
418215
418216
418217
418219
418220
418222
418223
418224
418226
418227
418228
418229
418230
418231
418232
418233
418234
418236
418240
418242
418245
418248
418249
418252
418253
418254
418259
418260
418262
418263
418264
418267
418268
418270
418271
418272
418274
418275
418277
418278
418279
418280
418281
418282
418284
418285
418286
418287
418288
418289
418290
418291
418293
418294
418295
418296
4182962
418297
480103
480105
480109
480201
480203
480204
480210
480211
480213
480301
480302
480402
480405
480410
480601
4806011
4807001
480701
480706
4807061
480801
480804
480805
480806
480809
480810
480812
480814
480901
500024015
